DSC05899.JPG 384417.27073391806 5708761.4714902518 128.83124973466334 81.983947567343719 -56.454790542359277 -6.64808058540447
DSC05900.JPG 384417.22952576558 5708761.5439521745 129.08461090377912 82.007413390989598 -56.445109938741041 -6.4565639651725339
DSC05901.JPG 384417.0266281814 5708761.564047941 129.41832886884086 82.070400977703613 -56.452321545420936 -6.2001854392363267
DSC05902.JPG 384416.96112965746 5708761.4955499303 129.87549455968312 72.481740558425244 -55.035521991208221 -13.915174757470368
DSC05903.JPG 384417.0582534601 5708761.3995278664 130.16379093246721 72.61281869850923 -54.960479960406765 -13.742695895450924
DSC05904.JPG 384417.5955132423 5708761.2074380396 131.5344010072539 68.300311873650415 -53.886839968202452 -17.317425348758807
DSC05905.JPG 384417.70000297361 5708761.1714084549 131.8527620038052 68.386645426875688 -53.771009243154325 -17.272610727876739
DSC05906.JPG 384417.80949776102 5708761.1624496877 132.16103389987776 68.411246100917111 -53.665880981982376 -17.279184760055511
DSC05907.JPG 384417.91636948747 5708761.1823619492 132.44649176768939 66.549262715137672 -53.189197192821219 -18.775745950720442
DSC05908.JPG 384418.13376973488 5708761.1999516385 132.9649023511675 61.714928681208328 -51.974136444265312 -22.640631186594138
DSC05909.JPG 384418.17550386791 5708761.187144747 133.57107403319861 51.631004211105726 -48.554994021460928 -30.318639171586462
DSC05910.JPG 384418.01593398675 5708761.0460674362 134.18490554859699 60.270958473415753 -51.432052961612087 -23.871950216709692
DSC05911.JPG 384417.93019476888 5708760.9863891164 134.73880423991304 64.975344413296028 -52.671931733168222 -20.245222075899221
DSC05912.JPG 384417.84419621597 5708760.9420738863 135.36377122524482 64.511663251888081 -52.562856166570398 -20.651751117271772
DSC05913.JPG 384417.68430487986 5708760.7727241786 136.04969277744215 60.680905919209238 -51.637471453318184 -23.573563199824186
DSC05914.JPG 384417.56957914872 5708760.6430590292 136.88926531128439 59.551269165877471 -51.380384884512935 -24.429817746205973
DSC05915.JPG 384417.48569167528 5708760.597102372 137.45195206733624 59.568241694909169 -51.391320255822791 -24.36571308213199
DSC05916.JPG 384417.39846173074 5708760.5426260317 138.06806877372725 57.688589139850798 -50.878645907652242 -25.768434354550408
DSC05917.JPG 384417.24823064881 5708760.4838158078 138.74708515367962 52.910011619206983 -49.23747953447053 -29.394279636571007
DSC05918.JPG 384417.14302902372 5708760.4518545074 140.06988268414943 46.815721005418169 -46.44197942867622 -33.866880652221134
DSC05919.JPG 384417.11318392865 5708760.5257560173 140.89883473483241 56.778545775306839 -50.234767772582835 -26.465802418826787
DSC05920.JPG 384417.066433364 5708760.5968945771 141.96311131816341 56.151237108142247 -49.790415512908076 -26.79953232938059
DSC05921.JPG 384417.05790760909 5708760.6760696005 142.45953338779663 53.817634696456984 -48.836720703220344 -28.442320209746971
DSC05922.JPG 384417.07515774126 5708760.8101536185 143.1821634777985 48.316158338284687 -46.534455807119215 -32.328113570000959
DSC05923.JPG 384417.08758215373 5708760.9515206655 143.74053744571904 44.783358308674636 -44.833803662930492 -34.742446194564181
DSC05924.JPG 384417.31402869913 5708761.391865897 144.5495473630848 42.190699256131161 -43.356846584569972 -36.365265643153798
DSC05925.JPG 384417.39485555276 5708761.7871314362 145.15982485300231 42.421128913266124 -43.314614288845171 -36.206704386810181
DSC05926.JPG 384417.55430999224 5708762.1659879033 145.96173275495585 42.702298320701715 -43.223899412977488 -35.989055241949004
DSC05927.JPG 384417.57778584544 5708762.4721439155 147.73462391017617 39.41820325595603 -46.100193620541901 -40.840280693722946
DSC05928.JPG 384417.80271520268 5708762.9663081849 148.67359193738463 37.364865233023025 -44.809679468460345 -42.331730455573144
DSC05929.JPG 384417.99715789058 5708763.3894392224 149.1713370530633 32.25457236130169 -41.219227343828095 -45.788675671502247
DSC05930.JPG 384418.24074495758 5708763.6940805344 149.77602397961607 27.404148818157505 -37.115140087257174 -48.831745196238813
DSC05931.JPG 384418.35683666304 5708763.8504892141 150.50952396268002 26.981436922169109 -36.828795937441321 -49.174805158407658
DSC05932.JPG 384418.3920334861 5708763.8688206291 151.20373709142137 26.797981954663271 -36.863351681898706 -49.358056397811872
DSC05933.JPG 384418.66972983797 5708763.9499965338 151.86315174702523 26.872100619880964 -37.008199791973745 -49.335979143632592
DSC05934.JPG 384419.29227788746 5708764.2819236694 154.34633160391962 25.037758282890898 -35.363682090821612 -50.470668402667073
DSC05935.JPG 384419.24066998775 5708764.2667805422 155.24692674053082 25.118873715855756 -35.334825625612588 -50.376190403612043
DSC05936.JPG 384419.2557629756 5708764.2356707314 155.99292065502897 25.107262301169129 -35.298915870140092 -50.321051505681737
DSC05937.JPG 384420.06743871933 5708764.2282989202 157.06441677470943 21.67687780146521 -31.428723137611151 -52.024949307935522
DSC05938.JPG 384420.73722481047 5708764.3911320046 157.93095582747836 19.463700050725205 -28.801585805906271 -53.064673314507836
DSC05939.JPG 384421.45453910291 5708764.4835648052 158.5833153748008 18.321705306806638 -27.296369770688298 -53.512055537197988
DSC05940.JPG 384422.38407481695 5708764.7145916009 159.2230811241875 15.679741104914646 -23.937410460680429 -54.477682406451251
DSC05941.JPG 384423.07482450089 5708764.8864091597 159.67609694397095 15.614950080601631 -23.886113828615674 -54.438154768541921
DSC05942.JPG 384424.22876068571 5708765.2059061369 160.42125386442481 10.424239356378084 -16.62779390011389 -56.135642620181862
DSC05943.JPG 384425.24292893417 5708765.6144328797 161.13672446080585 10.397785026346041 -16.688267129141522 -56.173608387719
DSC05944.JPG 384426.69338739058 5708766.2867023116 162.1188231091466 10.94642461846782 -17.501173415912501 -56.098353675883899
DSC05945.JPG 384427.90002247831 5708767.0355866896 162.86738036642444 11.642462304767333 -18.411388078589209 -55.910113410958644
DSC05946.JPG 384429.04994802451 5708767.7746305186 163.46015331544353 10.406500857251626 -16.678863571473833 -56.264498689486459
DSC05947.JPG 384429.89900704188 5708768.5898887301 163.91486104433463 9.1727644640489778 -14.895069624792866 -56.59393979017571
DSC05948.JPG 384430.4462154152 5708769.1370259374 164.36514094019478 7.65014559743297 -12.677749076830656 -56.941246001572345
DSC05949.JPG 384430.84867309121 5708769.6891794549 164.84941218800412 7.5900277462147496 -12.697870548488787 -57.063587343546466
DSC05950.JPG 384431.17721234862 5708770.118916031 165.51016041228615 7.42299637426314 -12.669311192272014 -57.183352037205438
DSC05951.JPG 384431.3338480214 5708770.3295166641 166.04167781417405 7.4279102031894428 -12.726219933652265 -57.171333305697111
DSC05952.JPG 384431.09662361431 5708770.4538829122 167.01210032341521 11.628040987609429 -9.0947822505413214 -37.575200489397105
DSC05953.JPG 384430.90567492938 5708770.5465374095 167.36784165725376 11.837577624613097 -8.8289755151596161 -36.133867459805259
DSC05954.JPG 384430.62810235441 5708770.4918183144 167.87140086149765 11.619669782585074 -8.8996210805015536 -36.120349199364661
DSC05955.JPG 384430.01364356646 5708769.9681814229 168.76053746824201 11.478311055626992 -8.7276788855841332 -36.05158007657441
DSC05956.JPG 384429.9965087531 5708769.8019062104 169.63551881674684 11.413010604108916 -8.6898304494128773 -35.921762464257512
DSC05957.JPG 384430.05840240966 5708769.7330620782 170.04449792001196 11.351156011668211 -8.6762328910250499 -35.954763503320933
DSC05958.JPG 384430.16534678754 5708769.7323798919 170.4926424329449 11.236047346592239 -8.7113860735650039 -36.041492790952212
DSC05959.JPG 384430.1237241872 5708769.6328626936 170.88975988852832 11.051058561899183 -8.6987138026529074 -36.154259906043805
DSC05960.JPG 384429.89822915557 5708769.6393288365 171.56503400001358 10.172230301882278 -9.8370062152062125 -35.790490797700073
DSC05961.JPG 384429.93736861728 5708769.8314263104 172.21542399654697 11.010254686507437 -8.6506063726587552 -36.204417673205135
DSC05962.JPG 384430.11216100748 5708770.0677067041 172.56989791943121 11.049012997474831 -8.7086447182050257 -36.205174226405376
DSC05963.JPG 384430.69431348232 5708770.7057160484 172.65238720119717 11.165259168948937 -8.7821710037769076 -36.22677943586357
DSC05964.JPG 384431.506162367 5708771.5478594098 172.80253116039219 11.214963899814741 -8.7947416328221664 -36.194359370235425
DSC05965.JPG 384432.5404734633 5708772.3377095507 173.03789241052101 11.222179859077501 -8.7048371534449309 -36.112179436441714
DSC05966.JPG 384433.44044408348 5708773.0841975119 173.25707439633968 11.234040308238642 -8.6161146894674392 -35.98454983034474
DSC05967.JPG 384434.36931633292 5708774.1179828197 173.50398161787831 11.334839055491933 -8.6438943606966472 -35.914784916058927
DSC05968.JPG 384435.04193787667 5708774.9288546704 173.71443381953927 11.344421319595195 -8.6993077777139405 -35.944048409683987
DSC05969.JPG 384435.72396652959 5708775.6151392814 174.01642396627071 11.279210808983317 -8.6455402673595412 -35.752575519704678
DSC05970.JPG 384436.74361398828 5708776.3786714487 174.91737873964877 10.980816541593759 -9.9976990862688719 -26.379650732014277
DSC05971.JPG 384437.5685626542 5708776.6521940511 175.84863660271608 10.606647017567223 -10.37837863388744 -27.804868749887671
DSC05972.JPG 384437.94179957605 5708776.6101364214 176.1256439332619 8.4443476265600825 -12.184497809999538 -37.194055884792668
DSC05973.JPG 384438.25853228598 5708776.5336499931 176.20641957301146 7.4668933153487256 -12.835939291834846 -41.22701440559289
DSC05974.JPG 384438.5751198777 5708776.5320975818 176.10497073208202 7.1122390548959622 -12.971286001434757 -42.740682381730544
DSC05975.JPG 384438.56891361234 5708776.491085222 175.99034990907074 5.8628312504611548 -13.584143352359533 -47.643250047536384
DSC05976.JPG 384438.34475696879 5708776.4465634683 175.85500445533933 4.9089160459440375 -13.851616837261153 -51.03677861709869
DSC05977.JPG 384437.91457007593 5708776.5713530472 175.73890245416626 3.4349905592045982 -14.377368207762988 -56.321766309709851
DSC05978.JPG 384437.53869034653 5708776.6031979173 175.67798823035773 1.5285781347026108 -14.788848416447967 -62.611357759049135
DSC05979.JPG 384437.22329646384 5708776.675925293 175.6288337371173 0.47469580249473509 -14.971428925517461 -66.175179707113912
DSC05980.JPG 384437.22469052463 5708777.1300468333 175.56507063828661 -2.7763971277760624 -15.189084668175205 -77.314334838524957
DSC05981.JPG 384437.30891799449 5708777.8689203346 175.64317706393561 -6.5019228714826625 -14.454319043856872 -90.286421116600934
DSC05982.JPG 384437.49605500826 5708778.5343940174 175.6542457128742 -8.4576905344721744 -13.71846073579148 -97.799029757670596
DSC05983.JPG 384437.7646949786 5708779.1777835945 175.69992065886478 -11.199743599959289 -12.09668805452891 -108.69476940655701
DSC05984.JPG 384437.88169320283 5708779.787333996 175.80525734831758 -13.71029678073708 -9.9963522416999027 -120.30749052125442
DSC05985.JPG 384437.91342622944 5708780.2791533954 175.79323664762779 -14.640868153809615 -8.9814479413633475 -125.12126696661596
DSC05986.JPG 384437.9616343719 5708780.6288601942 175.69939287300994 -14.628252120128023 -9.0422684926569801 -125.17542309111803
DSC05987.JPG 384438.03338101739 5708781.194560376 175.55277102765368 -14.62712583091276 -8.9897420430731909 -125.36135977982966
DSC05988.JPG 384437.91601488501 5708781.6058982937 175.39813435712668 -14.625115051619527 -8.8590908186010608 -125.39164214234322
DSC05989.JPG 384437.73050392402 5708781.9044870697 174.8165730349973 -14.65591019719766 -8.8818295397587352 -125.31305362691995
DSC05990.JPG 384437.45108174236 5708782.0196922068 174.22011858024524 -14.619270293257872 -9.0468121707543201 -125.18911299857247
DSC05991.JPG 384436.95776333299 5708782.1530013671 172.19617184088369 -14.520756700827212 -9.1650300457732889 -125.23105512129457
DSC05992.JPG 384436.70937586093 5708782.1960256007 170.75216447776816 -14.679079256686551 -9.0736537377943769 -125.28409093019546