DSC05899.JPG 4714.9908056495797 -1769.4465198448743 -226.28412425729914 16871.413845063737 1432.4257082452796 936.52508115392106 -4211.2621142023263 -141966.77948011976 0.83345005449652632 0.54719541156912044 -0.077059640652148834 19.896390933235921 
DSC05900.JPG 4716.1388534076368 -1767.9671079414786 -213.56593702658935 17844.616459341389 1439.6345104414274 927.12849597571767 -4210.8830974136617 -140994.72328101992 0.83335667706474303 0.54736636858679011 -0.076855106087493449 19.921768850372814 
DSC05901.JPG 4717.0306966597927 -1767.4797398686005 -197.28295609442736 19624.574878531104 1449.8191160872989 916.37098536355575 -4209.7434576942887 -139355.76537251176 0.83342624123831499 0.54734663485838952 -0.076238846558502507 20.132293485263219 
DSC05902.JPG 4703.4355790003983 -1751.4238178611181 -472.74956717491511 8453.1745016834211 1103.8130304917304 685.9148574736214 -4356.0037688002294 -153247.99463475135 0.81950749029214054 0.54649016992251387 -0.17249918125353225 15.990487274489213 
DSC05903.JPG 4707.1127613146855 -1743.1917552163368 -466.53589964366307 8453.5146860411369 1108.0632863135888 687.0936703680236 -4354.7387147166846 -151895.87413556551 0.81875622235309509 0.54790719462439319 -0.17156909522672328 16.072145281777331 
DSC05904.JPG 4694.8109226739052 -1730.5320995203544 -614.24168021518744 363.14532301026338 927.13595961954616 585.24551440874586 -4411.5255674236978 -153333.24372939338 0.80785453249971961 0.54761513041387844 -0.21791907502889804 13.944586140155204 
DSC05905.JPG 4698.1516667461237 -1720.3686360114998 -617.24100748464309 151.65730642353446 924.53222013212326 591.00455545272064 -4411.304231308457 -151904.60802720033 0.80666137174519126 0.54946010245222088 -0.21769480275689029 13.98268893539416 
DSC05906.JPG 4700.5791461672634 -1712.1458551704256 -621.60763354569588 -150.27694217910175 920.27715561233458 594.85725881908047 -4411.6761021494449 -150627.47147869784 0.80557560191990329 0.55092885575388229 -0.21800308596234014 13.971865835316903 
DSC05907.JPG 4692.0620018713198 -1711.5713647208881 -684.36936145978461 -3022.4481316508827 841.6171230916766 545.42555299402773 -4433.7165917600378 -152457.74094153513 0.80061841407972878 0.54968428758137855 -0.23844777000972817 13.036362505900499 
DSC05908.JPG 4658.7824455488335 -1729.5786855498666 -847.10535612740091 -10830.771586415911 635.357879269264 409.0279625644489 -4482.4845479799524 -157882.73189908551 0.78773276115325197 0.54246520266334597 -0.29190512312271738 10.566373759774191 
DSC05909.JPG 4556.6649393694661 -1791.6404018033093 -1200.0471198203993 -26760.382784203692 163.42394653217821 81.306829708041732 -4542.0626421187626 -170677.22513285748 0.74959137614013216 0.51894978689253435 -0.4108575026703738 5.1440957360237451 
DSC05910.JPG 4647.6719453886217 -1728.4459768876941 -908.24213834769296 -11945.769315766964 561.76582782773926 372.69631904983726 -4495.4608039932809 -154520.12045799749 0.78186936689273867 0.54138498676483782 -0.30916434014999916 10.346294240022637 
DSC05911.JPG 4682.4648400303795 -1707.7797115643573 -755.84076860839923 -4559.0254266144511 761.52223095823558 515.8135641621285 -4451.7043354844391 -144567.96038294653 0.79517652159308305 0.54945479095339056 -0.25650288927318382 12.930681857338676 
DSC05912.JPG 4678.6654374849659 -1710.2013085642313 -773.68274965317914 -4516.7078530548788 740.61051574323301 504.79205471049897 -4456.4932713132075 -142391.11454978643 0.79402070268914282 0.54872647717133183 -0.2615920047558406 12.966004123346972 
DSC05913.JPG 4649.1638978726987 -1732.756603077695 -892.25186693550268 -8684.3386565590481 582.94911832367768 385.65233420390098 -4491.6693816839334 -145142.52067998701 0.78409952049248766 0.54113556159179965 -0.30390828541548293 11.543203314879605 
DSC05914.JPG 4638.5056780375971 -1743.5022929207873 -926.14719037258328 -9200.0027517665403 536.91208744099163 349.18343678436963 -4500.3830469887125 -142994.12638181774 0.78130684247541793 0.53806659558356906 -0.31629725989676277 11.417373649178762 
DSC05915.JPG 4639.4811245579431 -1743.1586585143523 -921.89835391929626 -8202.2151120708659 539.99054997482904 346.68416314388128 -4500.2079428345651 -140409.07111510064 0.78142595186021946 0.53803168261237633 -0.31606232022284009 11.694563763711175 
DSC05916.JPG 4621.9499688119076 -1757.8868335415284 -980.15108789565716 -9870.31194154486 459.99497722513752 284.56628466408654 -4513.4330483954591 -140502.2490326367 0.77581130079208216 0.53326347090140891 -0.33726383761897688 11.083910943991372 
DSC05917.JPG 4569.8089065039494 -1793.0841985172842 -1146.7255137594614 -15662.421884966563 234.90703413944289 126.87662125540817 -4537.8819112091069 -144810.63604981016 0.7574223230512539 0.52083152372330566 -0.39375874395332694 9.0494096264379174 
DSC05918.JPG 4485.7029495352908 -1838.5237132378861 -1382.6002290013048 -23443.632110333827 -89.995862178295511 -93.010207174445213 -4543.8861207055297 -148431.094637837 0.72467693694676494 0.50245350847711656 -0.47157587817496621 6.3137489813487306 
DSC05919.JPG 4618.5284340719099 -1740.0698434101212 -1026.9546399749368 -6909.5853005987337 401.72350151906289 257.54758693358667 -4520.6126465978205 -129229.47333872481 0.76867180843492744 0.53509956625333699 -0.35044558081515143 11.801096304366752 
DSC05920.JPG 4618.4600105561476 -1726.4988512833579 -1049.9107753771511 -5863.3685501552791 367.16243258240297 229.90373719787215 -4525.0400276142109 -125651.68370824259 0.76368804523346234 0.53616563465576506 -0.3595927999580551 11.851624601286687 
DSC05921.JPG 4596.3707069524498 -1733.8190187567782 -1131.6058162226 -8050.7938728850349 253.98097333179339 144.78440358724674 -4536.3181517009498 -127231.77175833972 0.75283690655401181 0.53126663319297396 -0.38857734955345513 10.877324828604154 
DSC05922.JPG 4526.0883251461619 -1778.5771788260497 -1328.3340998321457 -14721.003334938163 -22.143777769452754 -63.149967632330799 -4545.2362938006136 -132693.51316273314 0.72578819374351855 0.5137550574029307 -0.45747922227728804 8.3230704727182303 
DSC05923.JPG 4470.1658251803965 -1816.6529917487451 -1459.6825654236229 -19113.46594220234 -211.73139897776309 -206.36185899453267 -4536.1035955572524 -135683.51057811271 0.70505272354910875 0.49954861977667014 -0.50334067339646593 6.5991386012567173 
DSC05924.JPG 4426.2632957225942 -1841.9371813693012 -1558.442955539399 -22003.077726518582 -359.03544891649994 -322.86108751936729 -4520.0116699379587 -135966.54078943559 0.68654008232509645 0.488315196519644 -0.53871233901687399 5.1596505672357278 
DSC05925.JPG 4431.1691264492574 -1829.8389925071692 -1558.7537403789531 -20366.661408390166 -354.74315926803479 -313.97442859866305 -4520.9765074513352 -132830.43150525293 0.6860039617633279 0.49081904218150862 -0.53711752184884554 5.3285344606755736 
DSC05926.JPG 4437.928451713412 -1812.4636102937088 -1559.8238707225221 -18704.989344762304 -350.5954324989516 -304.65496194638013 -4521.9375746089772 -128804.60169915596 0.68485111627273687 0.49418491961234101 -0.53549996616968165 5.56065917532813 
DSC05927.JPG 4279.8655028319208 -2150.68982226867 -1571.8041719315174 -24844.199193214277 -380.79370766430839 -265.87933810852758 -4521.9415698965449 -120295.64033120032 0.72055345490007805 0.4402919619539718 -0.5356731343555351 5.7113627451771176 
DSC05928.JPG 4232.3400257079365 -2179.9830692868254 -1657.7863291918643 -26487.912688710574 -511.74515668244499 -343.73507613726986 -4503.7333761928185 -118695.85169597939 0.70475407379071853 0.43055812426742124 -0.56386292403624705 4.7736123364046321 
DSC05929.JPG 4096.0396945905886 -2266.6234584186232 -1870.3370570372438 -33886.893941101713 -854.45356985696208 -557.8829208443035 -4429.7095813808291 -123175.06877094843 0.65894191876342334 0.40143230820082876 -0.63611921023416107 1.9186793625942808 
DSC05930.JPG 3932.3194828857995 -2368.0793923863857 -2083.8299510069864 -41855.46970826247 -1215.8312386072212 -781.05172880947543 -4309.9145963625251 -126375.46127600521 0.60341872374743633 0.36702584956654655 -0.70793917081976021 -0.94827826911788726 
DSC05931.JPG 3913.7613335465485 -2383.7140533094753 -2100.8720391620604 -41313.374386591109 -1245.9279744726648 -794.8816245220072 -4298.776327888193 -123356.81479366019 0.59942595755569905 0.3631566283773156 -0.71330623484871736 -0.79637848553399238 
DSC05932.JPG 3906.3518493464298 -2396.4032435471336 -2100.2263002511445 -40271.725296533696 -1250.625587816806 -797.20992045116179 -4296.9807090118884 -120380.55205464514 0.59990859718552447 0.36070778450727076 -0.71414254124702059 -0.38710321140983694 
DSC05933.JPG 3909.296676278339 -2397.5620571939035 -2093.4133532547667 -39625.628362171432 -1241.0185883230379 -791.5648097612866 -4300.8079760868732 -116986.12441910195 0.60192931240622394 0.36094464236499713 -0.71232020048161959 -0.045936056209590959 
DSC05934.JPG 3834.9548485004771 -2447.9075354676615 -2171.2102147432488 -39251.359566971194 -1382.6402359785079 -875.9810120790288 -4240.8270981164151 -107450.4024276391 0.57876437331733932 0.34512999263553912 -0.73886202254682176 0.19255686094306235 
DSC05935.JPG 3838.7020585560917 -2441.4119607326702 -2171.9019159415966 -36980.973632590714 -1380.9030526248205 -876.00101984346679 -4241.3889475350943 -103705.1138208925 0.57835358385332714 0.34629936909989445 -0.73863649991388014 0.91392134065396391 
DSC05936.JPG 3840.5777092397261 -2439.3086673021926 -2170.9490721243187 -35417.890145134195 -1381.0383139332328 -880.5690598295605 -4240.3988654497507 -100618.93017487833 0.57784218162200329 0.34630340895663725 -0.73903475025423249 1.4546788502769612 
DSC05937.JPG 3688.6006285781432 -2522.1883763080727 -2333.6827089626963 -41874.826175680464 -1676.5386820235801 -1067.9117483061455 -4088.0843652371636 -99433.306268285582 0.52143746274025071 0.31518105144402075 -0.79294632684794697 -0.22598435870613365 
DSC05938.JPG 3576.6870396500804 -2587.4360052866869 -2434.2901486444289 -45690.655688489569 -1870.1549247342421 -1189.3450328216284 -3968.8323449325717 -97163.02185343465 0.481777927925438 0.29198933630661761 -0.82621562297447049 -1.2460945146004523 
DSC05939.JPG 3515.1884228827212 -2620.410149989998 -2488.0081965907552 -48347.382409073238 -1974.2639562364297 -1257.1113844368133 -3896.8710563750037 -94405.570866177441 0.4585932512609891 0.27934783064454327 -0.84359766441833095 -1.7682738634551605 
DSC05940.JPG 3368.3501698769232 -2710.0723964086251 -2592.876496896105 -53662.30016101904 -2201.2927225939011 -1410.3955037518949 -3718.7022069856257 -92269.387616098364 0.40573844943508425 0.24701476216170853 -0.87997728261825492 -3.2308204216323873 
DSC05941.JPG 3368.8569689531105 -2710.8692682312521 -2591.3846341555545 -54340.767047936773 -2202.6647648886037 -1417.5070508009048 -3715.1841039491105 -88918.216291092715 0.40491999683317687 0.24611719075491054 -0.88060554425891002 -3.1853692279782848 
DSC05942.JPG 3023.834647239375 -2922.097760751969 -2780.4770259085308 -63715.411406838102 -2654.6134749917837 -1701.8413550427888 -3274.2044121353156 -86168.9296215738 0.28615321132838883 0.17336922516692699 -0.94236906327164072 -5.8888920096291031 
DSC05943.JPG 3024.0172758956905 -2925.3177103442667 -2776.8902746548497 -63614.949236066524 -2652.9759233224768 -1700.5683443198882 -3276.192498672287 -80428.897852118331 0.28716437359139979 0.17287949496533808 -0.94215142241594518 -5.5760167315377327 
DSC05944.JPG 3059.2025428811576 -2904.1136902555691 -2760.5592303991125 -62640.090453762539 -2608.5072194761965 -1666.552616866401 -3328.9553455918435 -71981.41671389094 0.30072533153686354 0.18110111995980299 -0.93635818964825024 -4.930416470741573 
DSC05945.JPG 3103.6219054969392 -2873.6156412918003 -2742.8357593346286 -61303.705358314299 -2554.1967599476643 -1629.028720864681 -3389.0995219761598 -64875.797171195663 0.31583762880114008 0.19147415440134422 -0.92929233313826687 -4.4510113179878079 
DSC05946.JPG 3018.5190063635628 -2928.0557230420068 -2779.9849783452037 -62435.106793648403 -2656.8905728800464 -1694.6886370819036 -3276.0668703301553 -58960.444166247689 0.28700715932779303 0.17303132383738032 -0.94217145545047931 -4.8518550648604384 
DSC05947.JPG 2929.5789635818965 -2984.3916975155526 -2815.0056981790926 -62539.682855767212 -2758.8704387622406 -1758.4782310407775 -3155.9530168980236 -53893.682579489512 0.25704963430350153 0.15405540707298734 -0.95404005002725767 -5.210580978844237 
DSC05948.JPG 2818.15523306469 -3056.0651430473195 -2851.6224702164491 -62577.236537748475 -2879.6818601563709 -1835.3770143998902 -3000.4124434962414 -49946.23349619138 0.21946733711878683 0.12987827720237774 -0.96693625490459867 -5.460385209710946 
DSC05949.JPG 2811.8997969016705 -3063.6626237512696 -2849.6446530849998 -60730.981616322228 -2883.3367300573914 -1831.0341023057874 -2999.5557419530292 -46257.47951200766 0.21980994754255112 0.12885345557588676 -0.96699553977642216 -5.1661781373039446 
DSC05950.JPG 2803.7275844611627 -3076.1495561046195 -2844.2396751066922 -58579.655125020028 -2889.2000623026738 -1832.7461337263992 -2992.8608121811085 -42518.941493891427 0.21932365630930153 0.12604802028149911 -0.96747559678073236 -4.6939931549517109 
DSC05951.JPG 2806.832103467877 -3075.8276709359902 -2841.5244976048816 -56839.997048302699 -2886.0350357822531 -1832.8426871912664 -2995.8539163375481 -40109.768494176911 0.22029260950499283 0.12610276839277054 -0.96724829180575966 -4.2389381825507755 
DSC05952.JPG 3653.5553200908189 -1938.9004578988611 -2881.9233727213787 -39053.43654601599 -2127.7923212285641 -2673.8592333936426 -2997.7704831265055 -48293.534458018905 0.15806814587689061 0.1990233715391071 -0.96716294327287411 -2.3424143249133653 
DSC05953.JPG 3702.8665678614402 -1846.6901740575672 -2879.5482927874941 -35986.937495133934 -2058.0018692114645 -2727.540947077704 -2998.1327389101334 -48049.275898055472 0.15348558172054158 0.20270729791521949 -0.96713594058737029 -1.9410415261136351 
DSC05954.JPG 3706.4305352975402 -1857.8067616787657 -2867.788435731748 -33699.320586748341 -2054.3064312952588 -2738.9912652219923 -2990.2179129897477 -47369.203204142119 0.15470385252937457 0.19898935196425618 -0.96771377783795909 -1.4487733031942063 
DSC05955.JPG 3701.9487936488636 -1858.886220420354 -2872.8732895091557 -29879.792350182062 -2057.5322218914789 -2750.5258890801297 -2977.3847116498864 -47518.940737693432 0.15173833180361723 0.19669273018543368 -0.96865238788414476 -0.42498106189946228 
DSC05956.JPG 3705.684775787433 -1854.5288366685945 -2870.8721541204118 -27545.746473845367 -2051.7273401351063 -2759.7167428172161 -2972.8823812832989 -45511.215282395227 0.15108536796899452 0.19560841379279004 -0.96897397283886955 0.44215030976274061 
DSC05957.JPG 3703.7448499446668 -1859.2725944915312 -2870.3071777639389 -26792.308521655701 -2054.164097388435 -2761.6161939745766 -2969.4337995594256 -44379.120545836478 0.15085076584024235 0.1945692801041396 -0.96921970764381871 0.82806812404412722 
DSC05958.JPG 3701.6696949377247 -1870.2564536530922 -2865.8447368953384 -26044.094379996299 -2057.6339861139313 -2763.6348931798138 -2965.1502134252978 -42853.810309174769 0.15145725518548248 0.19260363163381963 -0.96951768469334454 1.220396282184167 
DSC05959.JPG 3696.4669332671469 -1885.5534803424564 -2862.5345540050916 -25143.428385633772 -2064.5511858237542 -2768.4653245215995 -2955.8212699389396 -42097.243724905631 0.15123863012415592 0.18947880339051359 -0.97016733599099703 1.5881972438121883 
DSC05960.JPG 3759.3127904291296 -1922.1805756664562 -2754.2826592578745 -22737.740672233325 -1996.4662371217833 -2821.8737161255476 -2952.0844374883281 -41185.831438014917 0.17084591916752864 0.17401117758500517 -0.96981017832320271 2.0913047211409586 
DSC05961.JPG 3692.3324566820525 -1889.7594344853828 -2865.0958270096071 -20344.637630769099 -2069.3816843471286 -2768.7553659423234 -2952.1694395549903 -38023.580845710334 0.15040860192530192 0.18881202474686248 -0.97042633505993958 2.8552670814080616 
DSC05962.JPG 3694.7824225278287 -1888.5795292968064 -2862.7144462105443 -19511.837475344902 -2067.0237124926166 -2766.3238178178563 -2956.0982288745208 -35925.420983803866 0.15140996129205625 0.18943913983820734 -0.97014835768499763 3.1371957161998205 
DSC05963.JPG 3697.0250217668736 -1884.8731121907881 -2862.2618902210811 -20175.731525844876 -2065.2019318898397 -2758.8818097523558 -2964.3149920553719 -32615.899584137096 0.15267831722550906 0.19136927977582857 -0.96957059062621509 3.0319554123052193 
DSC05964.JPG 3698.9043951699396 -1880.7662961017552 -2862.5352755350091 -21113.772487942697 -2062.8461540066246 -2757.6097678949686 -2967.1375675385416 -28155.179307630689 0.15289514016930048 0.19220380145103527 -0.96937132968763884 2.901705888200703 
DSC05965.JPG 3698.4695068530659 -1874.7582917432146 -2867.0347823596776 -22710.937917770527 -2061.9132918428422 -2761.3807406939777 -2964.277519672271 -23189.719648705333 0.15134427256708291 0.19237233823839131 -0.96958124705557014 2.8243089267256796 
DSC05966.JPG 3699.9461975934159 -1866.021018619655 -2870.82696828384 -23923.764588094316 -2058.3392097192509 -2766.8323005553425 -2961.6768814514789 -18689.052685780167 0.14981342959758182 0.19261846695744547 -0.96977010806642927 2.7634285491978883 
DSC05967.JPG 3704.0088714520134 -1857.4755284559992 -2871.129869970006 -24659.980597268412 -2053.2286566784933 -2764.3903983905529 -2967.4987852514018 -13172.322540341738 0.15029278685582534 0.19430995647584923 -0.96935840587135935 2.6773776538880236 
DSC05968.JPG 3705.171891621852 -1859.3130290231734 -2868.4386175203604 -25065.112103197007 -2052.6017225237797 -2762.2586125158682 -2969.9166247661769 -8906.3765480727598 0.15124887768990716 0.1944433880228908 -0.96918292692954666 2.6196422627666474 
DSC05969.JPG 3710.7431394635055 -1851.3271644549418 -2866.4013801137226 -25421.339204608539 -2043.9324104928749 -2774.1434249146819 -2964.8136182781582 -4852.8732745413936 0.15032118699532693 0.19336787426752908 -0.96954236933801563 2.672891032673796 
DSC05970.JPG 4105.2165082902475 -1335.5666195982042 -2603.2178190690001 -24827.432032190747 -1426.9654686516187 -3135.9555193211099 -2965.3336682241234 -3917.2515887039408 0.17360862910466743 0.18758782572372365 -0.96678376669276156 3.0654140824659688 
DSC05971.JPG 4075.0981201848499 -1444.5614145322268 -2592.3158409716702 -25960.451234250671 -1500.1478906813154 -3105.2482275777038 -2961.5267993043931 1540.1426771874085 0.18014796791457593 0.18105398441248308 -0.96683305921167861 3.6869714455231994 
DSC05972.JPG 3795.3828511797151 -2104.6456115649917 -2564.9209834872609 -29213.234711248475 -1974.4732870329872 -2836.8048588548786 -2952.5657762967276 7760.836862638047 0.21106033491859727 0.1435406381691427 -0.96687621762976717 3.4410535538853337 
DSC05973.JPG 3644.0627859613646 -2368.3731876816646 -2554.3881155149847 -31020.449195557732 -2162.0913612702057 -2698.0675165427861 -2951.1766896418776 10660.848438317953 0.22216012517765443 0.12670578558664 -0.96674222142198873 3.2732909184548338 
DSC05974.JPG 3579.275337309522 -2462.4555307640185 -2557.0265167924263 -32543.842824010579 -2233.8251077930458 -2642.1181791069607 -2948.3704223204559 11935.504709415347 0.22446271683896812 0.12065406005999055 -0.96698453273064788 3.049489903893531 
DSC05975.JPG 3363.0435517679175 -2759.5066701555179 -2547.2229574816452 -33251.668966424702 -2444.2063893547884 -2451.9514790497751 -2945.7495315133378 14295.015169944756 0.2348731132044774 0.099289771773642788 -0.96694165383169572 2.7269698995474005 
DSC05976.JPG 3196.135921527246 -2955.4804019751327 -2542.2695674350098 -33042.934309799719 -2584.0282809007963 -2314.4374250225742 -2937.6569712864612 15136.221663942097 0.23940823976561015 0.083083448909257673 -0.96735765632452353 2.515254846925564 
DSC05977.JPG 2924.2459416444467 -3238.8755479239398 -2524.2334770536736 -31603.628161147106 -2774.0355064287869 -2082.9190793127846 -2937.6566085734667 16774.523014030714 0.248307278112844 0.058039498224640287 -0.96694100765352931 2.2714754750662367 
DSC05978.JPG 2569.2674292565171 -3545.6146611632162 -2498.1523853336403 -30292.064313800816 -2972.9852638991065 -1793.2201331864992 -2934.1730361997315 18760.40965641935 0.2552575784740887 0.025791877842034336 -0.96652902060358536 2.0508176357233241 
DSC05979.JPG 2356.5746314946527 -3699.8484217276209 -2484.1419949909414 -29049.242113659733 -3069.3750672421966 -1618.5012259746059 -2936.5016107434467 19522.184450511078 0.25833734502712513 0.0080036767337258036 -0.96602161327947422 1.948437784866444 
DSC05980.JPG 1642.3836892462496 -4090.8480853754322 -2445.5718244451837 -25517.780556646168 -3296.8949803486321 -1037.3298140995676 -2952.6397641975136 24959.442846360791 0.26200533005924581 -0.046746186374785628 -0.96393360823241325 1.5311913838014861 
DSC05981.JPG 723.87419261069033 -4367.8718086140816 -2410.5986405100025 -18196.523458530479 -3431.1701419519391 -317.43380801833746 -2964.7864115805519 30819.434747592757 0.24960803681545593 -0.10965227669006489 -0.96211860296629714 1.3677772249307174 
DSC05982.JPG 170.3280222025661 -4430.3099793800011 -2399.2969054080472 -12122.858521292668 -3432.6846500367928 115.15405152381084 -2977.7620572516585 33694.61516575222 0.23715116749740656 -0.14288328341790629 -0.96090774326900674 1.3327855266823843 
DSC05983.JPG -650.32492265958126 -4397.7334071274254 -2377.0364245516539 -3614.9928634482676 -3341.1665027102563 736.220957163869 -2993.0312953906487 36489.946406691874 0.20956204242615992 -0.18991715349305019 -0.95917424130513085 1.4053408349553052 
DSC05984.JPG -1504.0500922977235 -4190.7572965295622 -2364.0368842904168 5882.6765240234236 -3105.2158507694817 1375.3475512746945 -3021.5401478585154 37285.412986366682 0.17358547914276629 -0.23341460565846056 -0.95675791258608445 1.6962648970176484 
DSC05985.JPG -1845.9619148468928 -4054.4609249470841 -2359.4607447156491 10680.348243727054 -2968.6040011985724 1625.4504012787097 -3034.6255961549696 36456.878995696199 0.15611464878674433 -0.24966044578981395 -0.95566619603406644 1.8664931536606311 
DSC05986.JPG -1845.553788984289 -4052.4192036910545 -2363.2844937425107 11981.936023557975 -2963.7362626165827 1628.4521459282287 -3037.7725730971752 35731.650146207161 0.15716306416099124 -0.24940801813331653 -0.95556026066090638 1.8494997489821361 
DSC05987.JPG -1859.2306462421266 -4044.9968043880904 -2365.2792742943311 14176.975702797959 -2958.5257249928368 1639.9251471433627 -3036.6794822816951 34557.851399595631 0.15625763163058765 -0.24942551374116631 -0.95570417266649765 1.8460559297837968 
DSC05988.JPG -1868.5054657997616 -4042.7052072995989 -2361.8860514409289 15312.675523807295 -2963.0442264390176 1643.4809586875303 -3030.344944455353 33081.156854100744 0.15400494366909337 -0.2494812917644163 -0.95605520885827378 1.8359012751069721 
DSC05989.JPG -1862.6981421113892 -4047.1064664159744 -2358.9337993489526 14747.349019302241 -2965.2338809247831 1637.026805851124 -3031.6963073713059 30289.896374643835 0.15439706250720772 -0.24997962940092511 -0.95586177451225729 1.3792285477823281 
DSC05990.JPG -1846.0756073813982 -4051.5753825528654 -2364.3234889001765 13186.472229074998 -2962.9828589510962 1629.6597252947711 -3037.8599357281705 27456.422041471615 0.15724138029548068 -0.24925507262700372 -0.95558728386918124 0.86279339609362182 
DSC05991.JPG -1841.6427500249015 -4046.8929440136808 -2375.7721418130777 8010.4184524214279 -2956.06557829346 1635.7723151030534 -3041.3116350941655 19593.655728963564 0.15927866837235621 -0.24752980831895596 -0.95569833095758305 -0.97112091847326654 
DSC05992.JPG -1849.9620121120993 -4050.7177086964602 -2362.7548300738158 4357.1257098644983 -2957.9572539434575 1631.6180994209233 -3041.7038799451748 14404.322775824709 0.1577040090256368 -0.25023374504420293 -0.95525521112339118 -2.2935743725024031 